0	0.05	0	0	0.1	0	0.05	0.15	0	0.1
1.809840138e-06	0.05	-9.092225772e-12	0	0.1	-1.357804538e-11	0.05	0.15	-1.8063865e-11	0.1
1.085904083e-05	0.05	-3.273201278e-10	0	0.1	-4.888096338e-10	0.05	0.15	-6.502991398e-10	0.1
5.610504428e-05	0.05	-8.737628967e-09	0	0.1	-1.304850161e-08	0.05	0.15	-1.735937426e-08	0.1
0.0002823350615	0.05	-2.212684064e-07	0	0.1	-3.304353125e-07	0.05	0.15	-4.396022185e-07	0.1
0.001413485148	0.04999999969	-5.545903117e-06	0	0.0999999997	-8.282078134e-06	0.04999999992	0.1499999997	-1.101825314e-05	0.09999999998
0.007069235579	0.04999980757	-0.0001387184829	0	0.09999981012	-0.0002071579041	0.04999995061	0.1499998127	-0.0002755972018	0.09999998906
0.02706923558	0.04995862779	-0.002033595182	0	0.09995918565	-0.003037108906	0.04998937061	0.1499597558	-0.004040233081	0.09999763879
0.04706923558	0.04962160611	-0.006139723674	0	0.09962736912	-0.009174668819	0.04990203176	0.1496341687	-0.01219876997	0.09997775752
0.06706923558	0.04843835589	-0.01239861599	0	0.09847062527	-0.0185702024	0.04958511412	0.1485210882	-0.02464893497	0.09989895006
0.08706923558	0.04556293661	-0.02059171697	0	0.09569496185	-0.0310734904	0.04875358931	0.1459838266	-0.04109080257	0.09965092619
0.1070692356	0.03993064324	-0.03009225366	0	0.09027034439	-0.04637230228	0.04691347893	0.1415070593	-0.06096654913	0.09894319786
0.1270692356	0.03062070407	-0.03952685773	0	0.08083899096	-0.0638718412	0.04342171625	0.1348274384	-0.08349682609	0.09712696241
0.1470692356	0.01755208016	-0.04681799314	0	0.06558385179	-0.08220914049	0.03795280759	0.1254535766	-0.1074505637	0.09298378812
0.1670692356	0.002016565613	-0.04995931808	0	0.04314968014	-0.09833972975	0.0311030972	0.1117680644	-0.1303830195	0.08454874668
0.1870692356	-0.01332187568	-0.04819260969	0	0.01562252399	-0.1080688794	0.0240219495	0.09155446738	-0.1493866161	0.07014467474
0.2070692356	-0.02595584478	-0.04273516259	0	-0.01171244458	-0.1098859422	0.0169675676	0.06491568057	-0.164135036	0.05075477704
0.2270692356	-0.03505129599	-0.03565678967	0	-0.03509835543	-0.1057234033	0.009521945039	0.03375735327	-0.175679048	0.0285608468
0.2470692356	-0.04079087194	-0.02891547624	0	-0.05268228758	-0.0985992252	0.001664141049	-0.0006503293331	-0.1836638678	0.004977211079
0.2670692356	-0.04377105157	-0.02416805835	0	-0.06357776107	-0.09173821535	-0.006478282382	-0.03732510505	-0.1847477945	-0.01877562811
0.2870692356	-0.04493100998	-0.0219363703	0	-0.06901309869	-0.08657639107	-0.01554737016	-0.07215174031	-0.1721812327	-0.04026450724
0.3070692356	-0.04555984875	-0.02059854804	0	-0.07357448635	-0.08000357725	-0.02619585053	-0.09782505583	-0.1458689787	-0.05696636526
0.3270692356	-0.04612156825	-0.01930805382	0	-0.0793200385	-0.06948579298	-0.03714910585	-0.1138228119	-0.1154097555	-0.06938339161
0.3470692356	-0.04622556965	-0.0190577205	0	-0.08508547474	-0.05598127338	-0.04611462912	-0.1240533012	-0.08675961372	-0.07857368237
0.3670692356	-0.04518104069	-0.02141666553	0	-0.09055969139	-0.04241644889	-0.04999787155	-0.1334717296	-0.06241129875	-0.08390727468
0.3870692356	-0.04303837288	-0.02544992062	0	-0.09640337261	-0.03343647766	-0.04569892461	-0.1473594548	-0.04404112123	-0.08355984323
0.4070692356	-0.04041297811	-0.02944131792	0	-0.1006241865	-0.03170635758	-0.03700648561	-0.1632014746	-0.02989380403	-0.07917375418
0.4270692356	-0.03674788774	-0.03390564476	0	-0.1016260495	-0.03732291044	-0.02791319451	-0.1759519505	-0.01789473475	-0.07143523091
0.4470692356	-0.03182273462	-0.03856570447	0	-0.09890987408	-0.04803276257	-0.02024081348	-0.1794067552	-0.008273681092	-0.05893096872
0.4670692356	-0.02658233496	-0.04234831128	0	-0.09381238165	-0.05918176598	-0.01402696064	-0.1722167789	-0.00400747504	-0.04200923026
0.4870692356	-0.02146949015	-0.04515596298	0	-0.08749768264	-0.06912640454	-0.008105290133	-0.1590180239	-0.006407201213	-0.02314046415
0.5070692356	-0.0162287958	-0.04729298243	0	-0.07972977821	-0.07836430523	-0.001482609974	-0.1429883233	-0.01477580103	-0.003869861219
0.5270692356	-0.01047419657	-0.04889060448	0	-0.06943837521	-0.0873928407	0.006387757321	-0.1254068298	-0.02761926258	0.01505004659
0.5470692356	-0.003807662414	-0.04985480626	0	-0.05506805511	-0.09608540873	0.01533308631	-0.1065312799	-0.04268553162	0.03317580991
0.5670692356	0.004091686968	-0.04983229974	0	-0.03542310693	-0.1032450899	0.02420030817	-0.08632147514	-0.05739226956	0.05018279886
0.5870692356	0.01330103536	-0.04819836572	0	-0.0109045449	-0.1067472239	0.03140256503	-0.0653121166	-0.07014082809	0.06587243002
0.6070692356	0.02331311942	-0.04423232374	0	0.01593619729	-0.1046401622	0.03600658376	-0.0445324056	-0.08152319074	0.08034010067
0.6270692356	0.03271599507	-0.03781089349	0	0.04096467192	-0.09679221139	0.03812038128	-0.02379947531	-0.09408865526	0.09373929464
0.6470692356	0.03976304436	-0.0303133684	0	0.0601155219	-0.08608821699	0.03840498564	-0.0004160579684	-0.1099724684	0.1052102289
0.6670692356	0.04363301828	-0.02441638211	0	0.07123099208	-0.07748800831	0.03770615779	0.0288023547	-0.1278171016	0.1119311123
0.6870692356	0.04456621561	-0.02266831327	0	0.07402019063	-0.07504749934	0.03726773701	0.06328910327	-0.1411316809	0.1085617566
0.7070692356	0.04362163667	-0.02443671038	0	0.07136515895	-0.07721722508	0.03800676571	0.09190930513	-0.1376667014	0.08795692947
0.7270692356	0.04390959886	-0.02391541612	0	0.07124089717	-0.07826921237	0.03603699441	0.1015656469	-0.1189602633	0.05811022802
0.7470692356	0.04558704056	-0.02053829917	0	0.07414554428	-0.07887333085	0.02795417579	0.09692729893	-0.09709328281	0.03284560339
0.7670692356	0.0472966205	-0.01621819008	0	0.07908191378	-0.07767159772	0.01460047327	0.08424819793	-0.07975705534	0.01469113591
0.7870692356	0.04846137061	-0.0123083532	0	0.08461650489	-0.07306974232	-0.0009272845556	0.06792926361	-0.07172277185	-0.0009792646139
0.8070692356	0.04897786756	-0.01005825479	0	0.0883778659	-0.066755178	-0.01526758098	0.0516038661	-0.07289564942	-0.01956855261
0.8270692356	0.04893598784	-0.01026007281	0	0.08913227114	-0.06220465249	-0.02619197303	0.03754101988	-0.07978636759	-0.04328447504
0.8470692356	0.04825795325	-0.01308319335	0	0.08672556931	-0.06227849033	-0.03316723186	0.02778454084	-0.09045840922	-0.07094857158
0.8670692356	0.046276544	-0.01893360705	0	0.08004942555	-0.06842801974	-0.03754591301	0.02417136092	-0.1043264952	-0.09938525138
0.8870692356	0.04112573551	-0.02843719182	0	0.06640010383	-0.07979855769	-0.04151164177	0.02704326146	-0.1197146351	-0.1237512574
0.9070692356	0.02823476112	-0.04126497625	0	0.04331196312	-0.09153275759	-0.04739016922	0.03502967586	-0.1310692861	-0.1340731299
0.9221209952	0.01034045651	-0.0489190654	0	0.02523332468	-0.09687584718	-0.0497830248	0.04086806382	-0.1354438058	-0.1281062313
0.9329496388	-0.003579570341	-0.04987170216	0	0.01355341812	-0.1012300602	-0.04548384067	0.04472515521	-0.1420666031	-0.1199882255
0.9437782823	-0.01487095255	-0.04773735194	0	0.0006721873193	-0.1049491826	-0.03853851626	0.04758597492	-0.1494339818	-0.1087320088
0.9598696656	-0.02671377435	-0.04226552093	0	-0.0185297188	-0.1065880929	-0.02820687798	0.04788601091	-0.155514728	-0.08442531514
0.978491839	-0.03471110262	-0.03598804461	0	-0.03549447628	-0.1046999811	-0.01667501445	0.04162346324	-0.1570340266	-0.04916292193
0.998491839	-0.03927157035	-0.03094743547	0	-0.04765612621	-0.1010897685	-0.003122873844	0.03026315654	-0.1570467199	-0.008891365544
1	-0.03950260114	-0.0306519902	0	-0.04837904416	-0.1007732906	-0.002052314644	0.02930598201	-0.1570493815	-0.005835252773
