49.9999999400
49.9999994598
49.9999978391
49.9999939975
49.9999864944
49.9999735290
49.9999529404
49.9999222076
49.9998784495
49.9998184246
49.9997385315
49.9996348087
49.9995029344
49.9993382270
49.9991356445
49.9988897850
49.9985948866
49.9982448274
49.9978331256
49.9973529394
49.9967970674
49.9961579481
49.9954276607
49.9945979247
49.9936601001
49.9926051875
49.9914238285
49.9901063055
49.9886425422
49.9870221036
49.9852341962
49.9832676683
49.9811110105
49.9787523555
49.9761794790
49.9733797995
49.9703403790
49.9670479237
49.9634887837
49.9596489541
49.9555140755
49.9510694344
49.9462999637
49.9411902437
49.9357245028
49.9298866178
49.9236601154
49.9170281725
49.9099736175
49.9024789313
49.8945262479
49.8860973562
49.8771737007
49.8677363830
49.8577661631
49.8472434607
49.8361483568
49.8244605954
49.8121595850
49.7992244001
49.7856337838
49.7713661490
49.7563995805
49.7407118378
49.7242803564
49.7070822510
49.6890943171
49.6702930344
49.6506545690
49.6301547761
49.6087692032
49.5864730930
49.5632413867
49.5390487270
49.5138694619
49.4876776480
49.4604470542
49.4321511658
49.4027631883
49.3722560514
49.3406024138
49.3077746670
49.2737449405
49.2384851062
49.2019667836
49.1641613445
49.1250399189
49.0845733999
49.0427324494
48.9994875045
48.9548087826
48.9086662883
48.8610298193
48.8118689733
48.7611531545
48.7088515808
48.6549332906
48.5993671506
48.5421218627
48.4831659726
48.4224678769
48.3599958321
48.2957179623
48.2296022680
48.1616166352
48.0917288440
48.0199065783
47.9461174346
47.8703289324
47.7925085238
47.7126236033
47.6306415188
47.5465295817
47.4602550776
47.3717852778
47.2810874502
47.1881288706
47.0928768349
46.9952986706
46.8953617487
46.7930334968
46.6882814110
46.5810730689
46.4713761425
46.3591584117
46.2443877773
46.1270322748
46.0070600884
45.8844395648
45.7591392274
45.6311277910
45.5003741760
45.3668475238
45.2305172112
45.0913528658
44.9493243813
44.8044019333
44.6565559945
44.5057573507
44.3519771172
44.1951867542
44.0353580837
43.8724633054
43.7064750137
43.5373662140
43.3651103395
43.1896812682
43.0110533397
42.8292013723
42.6441006800
42.4557270899
42.2640569591
42.0690671923
41.8707352587
41.6690392097
41.4639576961
41.2554699854
41.0435559791
40.8281962303
40.6093719604
40.3870650770
40.1612581905
39.9319346317
39.6990784684
39.4626745225
39.2227083869
38.9791664420
38.7320358724
38.4813046832
38.2269617162
37.9689966661
37.7074000962
37.4421634542
37.1732790873
36.9007402577
36.6245411574
36.3446769227
36.0611436490
35.7739384043
35.4830592432
35.1885052203
34.8902764033
34.5883738857
34.2827997990
33.9735573245
33.6606507054
33.3440852569
33.0238673780
32.7000045606
32.3725054001
32.0413796041
31.7066380011
31.3682925492
31.0263563433
30.6808436227
30.3317697771
29.9791513532
29.6230060599
29.2633527731
28.9002115402
28.5336035833
28.1635513028
27.7900782791
27.4132092749
27.0329702359
26.6493882913
26.2624917534
25.8723101169
25.4788740569
25.0822154266
24.6823672545
24.2793637403
23.8732402502
23.4640333121
23.0517806095
22.6365209746
22.2182943809
21.7971419351
21.3731058682
20.9462295258
20.5165573575
20.0841349059
19.6490087949
19.2112267168
18.7708374190
18.3278906898
17.8824373439
17.4345292065
16.9842190975
16.5315608139
16.0766091127
15.6194196923
15.1600491733
14.6985550794
14.2349958161
13.7694306506
13.3019196896
12.8325238569
12.3613048710
11.8883252214
11.4136481441
10.9373375977
10.4594582374
9.9800753901
9.4992550273
9.0170637392
8.5335687066
8.0488376740
7.5629389210
7.0759412341
6.5879138772
6.0989265630
5.6090494228
5.1183529769
4.6269081038
4.1347860102
3.6420581996
3.1487964417
2.6550727408
2.1609593043
1.6665285115
1.1718528810
0.6770050397
0.1820576903
-0.3129164208
-0.8078445352
-1.3026539149
-1.7972718742
-2.2916258117
-2.7856432424
-3.2792518295
-3.7723794163
-4.2649540573
-4.7569040503
-5.2481579671
-5.7386446848
-6.2282934167
-6.7170337424
-7.2047956384
-7.6915095077
-8.1771062098
-8.6615170895
-9.1446740058
-9.6265093606
-10.1069561264
-10.5859478742
-11.0634188001
-11.5393037525
-12.0135382576
-12.4860585456
-12.9568015754
-13.4257050591
-13.8927074860
-14.3577481461
-14.8207671524
-15.2817054637
-15.7405049054
-16.1971081907
-16.6514589409
-17.1035017046
-17.5531819769
-18.0004462174
-18.4452418676
-18.8875173679
-19.3272221736
-19.7643067699
-20.1987226871
-20.6304225142
-21.0593599120
-21.4854896256
-21.9087674962
-22.3291504720
-22.7465966183
-23.1610651272
-23.5725163260
-23.9809116857
-24.3862138276
-24.7883865304
-25.1873947358
-25.5832045533
-25.9757832648
-26.3650993284
-26.7511223807
-27.1338232395
-27.5131739054
-27.8891475618
-28.2617185760
-28.6308624980
-28.9965560595
-29.3587771720
-29.7175049241
-30.0727195787
-30.4244025687
-30.7725364930
-31.1171051114
-31.4580933389
-31.7954872394
-32.1292740193
-32.4594420199
-32.7859807098
-33.1088806764
-33.4281336169
-33.7437323294
-34.0556707024
-34.3639437050
-34.6685473761
-34.9694788129
-35.2667361595
-35.5603185950
-35.8502263206
-36.1364605475
-36.4190234831
-36.6979183179
-36.9731492116
-37.2447212788
-37.5126405749
-37.7769140810
-38.0375496891
-38.2945561869
-38.5479432423
-38.7977213876
-39.0439020038
-39.2864973042
-39.5255203186
-39.7609848763
-39.9929055899
-40.2212978384
-40.4461777506
-40.6675621879
-40.8854687271
-41.0999156440
-41.3109218954
-41.5185071021
-41.7226915320
-41.9234960823
-42.1209422624
-42.3150521764
-42.5058485061
-42.6933544932
-42.8775939225
-43.0585911041
-43.2363708568
-43.4109584905
-43.5823797893
-43.7506609944
-43.9158287874
-44.0779102730
-44.2369329631
-44.3929247591
-44.5459139365
-44.6959291277
-44.8429993062
-44.9871537705
-45.1284221278
-45.2668342789
-45.4024204016
-45.5352109362
-45.6652365697
-45.7925282205
-45.9171170240
-46.0390343175
-46.1583116255
-46.2749806458
-46.3890732349
-46.5006213942
-46.6096572561
-46.7162130706
-46.8203211919
-46.9220140651
-47.0213242137
-47.1182842262
-47.2129267441
-47.3052844495
-47.3953900532
-47.4832762823
-47.5689758692
-47.6525215401
-47.7339460034
-47.8132819391
-47.8905619881
-47.9658187417
-48.0390847308
-48.1103924167
-48.1797741805
-48.2472623140
-48.3128890098
-48.3766863526
-48.4386863101
-48.4989207239
-48.5574213014
-48.6142196073
-48.6693470554
-48.7228349009
-48.7747142325
-48.8250159650
-48.8737708321
-48.9210093789
-48.9667619556
-49.0110587104
-49.0539295830
-49.0954042985
-49.1355123610
-49.1742830481
-49.2117454045
-49.2479282368
-49.2828601083
-49.3165693331
-49.3490839719
-49.3804318262
-49.4106404344
-49.4397370666
-49.4677487205
-49.4947021171
-49.5206236964
-49.5455396140
-49.5694757364
-49.5924576381
-49.6145105979
-49.6356595952
-49.6559293069
-49.6753441045
-49.6939280509
-49.7117048973
-49.7286980809
-49.7449307219
-49.7604256212
-49.7752052576
-49.7892917861
-49.8027070351
-49.8154725047
-49.8276093645
-49.8391384517
-49.8500802694
-49.8604549845
-49.8702824268
-49.8795820866
-49.8883731138
-49.8966743163
-49.9045041586
-49.9118807607
-49.9188218970
-49.9253449949
-49.9314671339
-49.9372050446
-49.9425751081
-49.9475933544
-49.9522754623
-49.9566367584
-49.9606922163
-49.9644564559
-49.9679437431
-49.9711679889
-49.9741427490
-49.9768812233
-49.9793962556
-49.9817003329
-49.9838055852
-49.9857237852
-49.9874663479
-49.9890443301
-49.9904684307
-49.9917489898
-49.9928959889
-49.9939190507
-49.9948274388
-49.9956300573
-49.9963354514
-49.9969518064
-49.9974869483
-49.9979483431
-49.9983430975
-49.9986779578
-49.9989593108
-49.9991931833
-49.9993852420
-49.9995407935
-49.9996647847
-49.9997618019
-49.9998360718
-49.9998914607
-49.9999314748
-49.9999592603
-49.9999776031
-49.9999889290
-49.9999953037
-49.9999984329
-49.9999996617
-49.9999999755
-49.9999999994
-49.9999999983
-49.9999998770
-49.9999991801
-49.9999970921
-49.9999924373
-49.9999836799
-49.9999689240
-49.9999459135
-49.9999120320
-49.9998643032
-49.9997993906
-49.9997135974
-49.9996028670
-49.9994627824
-49.9992885666
-49.9990750827
-49.9988168334
-49.9985079618
-49.9981422507
-49.9977131232
-49.9972136424
-49.9966365116
-49.9959740745
-49.9952183151
-49.9943608577
-49.9933929674
-49.9923055499
-49.9910891518
-49.9897339607
-49.9882298053
-49.9865661559
-49.9847321242
-49.9827164641
-49.9805075713
-49.9780934842
-49.9754618840
-49.9726000950
-49.9694950851
-49.9661334660
-49.9625014943
-49.9585850712
-49.9543697435
-49.9498407041
-49.9449827929
-49.9397804970
-49.9342179516
-49.9282789410
-49.9219468992
-49.9152049111
-49.9080357129
-49.9004216938
-49.8923448965
-49.8837870186
-49.8747294139
-49.8651530935
-49.8550387273
-49.8443666454
-49.8331168395
-49.8212689647
-49.8088023409
-49.7956959551
-49.7819284627
-49.7674781897
-49.7523231347
-49.7364409713
-49.7198090499
-49.7024044007
-49.6842037355
-49.6651834506
-49.6453196297
-49.6245880465
-49.6029641675
-49.5804231554
-49.5569398721
-49.5324888822
-49.5070444562
-49.4805805743
-49.4530709300
-49.4244889343
-49.3948077192
-49.3640001426
-49.3320387919
-49.2988959891
-49.2645437949
-49.2289540141
-49.1920982002
-49.1539476605
-49.1144734618
-49.0736464357
-49.0314371839
-48.9878160850
-48.9427532994
-48.8962187763
-48.8481822601
-48.7986132966
-48.7474812401
-48.6947552601
-48.6404043492
-48.5843973295
-48.5267028611
-48.4672894494
-48.4061254531
-48.3431790929
-48.2784184594
-48.2118115220
-48.1433261378
-48.0729300604
-48.0005909499
-47.9262763814
-47.8499538555
-47.7715908082
-47.6911546208
-47.6086126302
-47.5239321401
-47.4370804312
-47.3480247729
-47.2567324339
-47.1631706943
-47.0673068571
-46.9691082602
-46.8685422883
-46.7655763858
-46.6601780693
-46.5523149399
-46.4419546969
-46.3290651508
-46.2136142368
-46.0955700283
-45.9749007510
-45.8515747971
-45.7255607390
-45.5968273446
-45.4653435912
-45.3310786810
-45.1940020555
-45.0540834113
-44.9112927150
-44.7656002193
-44.6169764781
-44.4653923629
-44.3108190783
-44.1532281788
-43.9925915846
-43.8288815981
-43.6620709207
-43.4921326694
-43.3190403933
-43.1427680907
-42.9632902262
-42.7805817475
-42.5946181025
-42.4053752568
-42.2128297106
-42.0169585160
-41.8177392946
-41.6151502546
-41.4091702081
-41.1997785886
-40.9869554681
-40.7706815746
-40.5509383095
-40.3277077643
-40.1009727384
-39.8707167556
-39.6369240816
-39.3995797404
-39.1586695316
-38.9141800464
-38.6660986849
-38.4144136718
-38.1591140728
-37.9001898108
-37.6376316813
-37.3714313683
-37.1015814595
-36.8280754615
-36.5509078146
-36.2700739071
-35.9855700903
-35.6973936917
-35.4055430289
-35.1100174232
-34.8108172123
-34.5079437629
-34.2013994828
-33.8911878330
-33.5773133391
-33.2597816019
-32.9385993082
-32.6137742408
-32.2853152882
-31.9532324535
-31.6175368632
-31.2782407751
-30.9353575861
-30.5889018388
-30.2388892284
-29.8853366084
-29.5282619956
-29.1676845754
-28.8036247054
-28.4361039189
-28.0651449280
-27.6907716257
-27.3130090872
-26.9318835713
-26.5474225198
-26.1596545579
-25.7686094924
-25.3743183104
-24.9768131759
-24.5761274276
-24.1722955738
-23.7653532887
-23.3553374062
-22.9422859141
-22.5262379472
-22.1072337793
-21.6853148154
-21.2605235820
-20.8329037176
-20.4024999619
-19.9693581448
-19.5335251736
-19.0950490210
-18.6539787110
-18.2103643048
-17.7642568856
-17.3157085434
-16.8647723580
