0	0	0
0.001	-0.003628468456	0.004861602528
0.002	-0.01451387347	0.0194464089
0.003	-0.03265621182	0.04375440827
0.004	-0.05805547099	0.07778555841
0.005	-0.09071161845	0.1215397495
0.006	-0.1306245866	0.1750167537
0.007	-0.1777942536	0.2382161595
0.008	-0.2322204196	0.3111372927
0.009	-0.293902779	0.3937791221
0.01	-0.3628408882	0.486140151
0.011	-0.4390341294	0.5882182946
0.012	-0.5224816697	0.7000107427
0.013	-0.6131824166	0.8215138084
0.014	-0.7111349688	0.9527227628
0.015	-0.8163375628	1.093631655
0.016	-0.9287880164	1.244233121
0.017	-1.048483667	1.404518174
0.018	-1.175421306	1.574475986
0.019	-1.309597112	1.754093656
0.02	-1.451006575	1.943355964
0.021	-1.599644424	2.142245114
0.022	-1.755504547	2.350740466
0.023	-1.918579905	2.568818256
0.024	-2.088862452	2.796451311
0.025	-2.266343046	3.033608748
0.026	-2.451011356	3.280255669
0.027	-2.642855776	3.536352852
0.028	-2.841863327	3.801856431
0.029	-3.048019566	4.076717576
0.03	-3.261308491	4.360882171
0.031	-3.481712447	4.654290488
0.032	-3.709212032	4.956876865
0.033	-3.943786003	5.268569384
0.034	-4.185411188	5.58928956
0.035	-4.434062398	5.918952031
0.036	-4.689712341	6.257464261
0.037	-4.952331539	6.604726251
0.038	-5.221888257	6.960630271
0.039	-5.498348431	7.325060601
0.04	-5.781675599	7.697893297
0.041	-6.071830849	8.078995975
0.042	-6.368772766	8.468227618
0.043	-6.672457393	8.86543841
0.044	-6.982838194	9.2704696
0.045	-7.299866036	9.683153394
0.046	-7.623489169	10.10331288
0.047	-7.953653231	10.53076197
0.048	-8.290301248	10.96530542
0.049	-8.63337366	11.40673882
0.05	-8.982808345	11.85484871
0.051	-9.338540661	12.3094126
0.052	-9.700503503	12.77019918
0.053	-10.06862736	13.23696845
0.054	-10.44284039	13.70947194
0.055	-10.8230685	14.18745293
0.056	-11.20923545	14.67064676
0.057	-11.60126293	15.1587811
0.058	-11.99907072	15.65157627
0.059	-12.40257673	16.14874565
0.06	-12.8116972	16.649996
0.061	-13.22634676	17.15502789
0.062	-13.64643861	17.66353612
0.063	-14.07188463	18.17521012
0.064	-14.50259554	18.68973444
0.065	-14.93848098	19.20678913
0.066	-15.37944972	19.72605025
0.067	-15.82540973	20.24719029
0.068	-16.27626833	20.76987862
0.069	-16.73193234	21.29378194
0.07	-17.19230817	21.81856469
0.071	-17.65730193	22.34388949
0.072	-18.12681956	22.86941752
0.073	-18.60076693	23.39480894
0.074	-19.0790499	23.91972322
0.075	-19.56157443	24.44381951
0.076	-20.04824664	24.96675697
0.077	-20.53897288	25.48819504
0.078	-21.03365978	26.00779377
0.079	-21.53221429	26.52521402
0.08	-22.0345437	27.04011772
0.081	-22.54055569	27.55216807
0.082	-23.05015833	28.06102971
0.083	-23.56326005	28.56636888
0.084	-24.07976968	29.06785358
0.085	-24.59959641	29.56515361
0.086	-25.12264975	30.05794074
0.087	-25.64883952	30.54588872
0.088	-26.17807578	31.02867334
0.089	-26.71026879	31.50597247
0.09	-27.24532896	31.97746605
0.091	-27.78316676	32.44283611
0.092	-28.32369265	32.90176673
0.093	-28.86681704	33.353944
0.094	-29.41245013	33.79905599
0.095	-29.96050189	34.2367927
0.096	-30.51088192	34.66684596
0.097	-31.06349937	35.08890938
0.098	-31.61826283	35.50267824
0.099	-32.17508024	35.90784944
0.1	-32.73385875	36.30412138
0.101	-33.29450462	36.69119382
0.102	-33.85692314	37.06876786
0.103	-34.42101845	37.43654575
0.104	-34.98669349	37.79423084
0.105	-35.55384983	38.14152743
0.106	-36.1223876	38.47814066
0.107	-36.69220534	38.80377641
0.108	-37.26319987	39.11814119
0.109	-37.83526624	39.42094201
0.11	-38.40829754	39.71188627
0.111	-38.98218482	39.99068166
0.112	-39.55681699	40.25703603
0.113	-40.13208069	40.51065731
0.114	-40.70786019	40.75125335
0.115	-41.28403729	40.97853187
0.116	-41.8604912	41.19220032
0.117	-42.43709847	41.39196579
0.118	-43.01373288	41.57753489
0.119	-43.59026532	41.74861368
0.12	-44.16656377	41.90490753
0.121	-44.74249316	42.04612105
0.122	-45.31791531	42.171958
0.123	-45.89268887	42.28212116
0.124	-46.46666925	42.37631224
0.125	-47.03970852	42.45423183
0.126	-47.61165542	42.51557926
0.127	-48.18235527	42.5600525
0.128	-48.75164991	42.58734811
0.129	-49.31937774	42.59716112
0.13	-49.8853736	42.58918494
0.131	-50.44946884	42.5631113
0.132	-51.01149121	42.5186301
0.133	-51.57126498	42.45542939
0.134	-52.12861084	42.37319525
0.135	-52.68334598	42.27161172
0.136	-53.2352841	42.15036075
0.137	-53.78423546	42.00912206
0.138	-54.33000693	41.84757319
0.139	-54.87240206	41.66538933
0.14	-55.41122114	41.46224338
0.141	-55.94626135	41.23780586
0.142	-56.47731684	40.99174495
0.143	-57.00417885	40.72372648
0.144	-57.52663591	40.43341399
0.145	-58.044474	40.12046879
0.146	-58.55747673	39.78455011
0.147	-59.06542563	39.42531523
0.148	-59.56810034	39.04241976
0.149	-60.065279	38.63551786
0.15	-60.55673852	38.20426269
0.151	-61.04225499	37.74830682
0.152	-61.52160414	37.26730284
0.153	-61.99456181	36.76090409
0.154	-62.46090451	36.22876548
0.155	-62.92041007	35.67054458
0.156	-63.37285837	35.08590286
0.157	-63.81803211	34.47450718
0.158	-64.25571778	33.83603154
0.159	-64.68570667	33.17015924
0.16	-65.10779605	32.47658524
0.161	-65.52179053	31.75501908
0.162	-65.92750353	31.00518821
0.163	-66.32475895	30.22684183
0.164	-66.71339314	29.41975536
0.165	-67.09325698	28.58373552
0.166	-67.46421825	27.71862615
0.167	-67.82616431	26.82431483
0.168	-68.17900502	25.90074024
0.169	-68.52267598	24.94790056
0.17	-68.85714204	23.96586257
0.171	-69.18240114	22.95477182
0.172	-69.49848842	21.9148636
0.173	-69.80548055	20.84647465
0.174	-70.10350028	19.75005566
0.175	-70.39272112	18.62618403
0.176	-70.67337195	17.47557697
0.177	-70.94574156	16.29910423
0.178	-71.21018286	15.09780024
0.179	-71.46711657	13.87287488
0.18	-71.7170342	12.62572244
0.181	-71.96049994	11.35792789
0.182	-72.19815142	10.07126977
0.183	-72.43069885	8.767719067
0.184	-72.65892253	7.449433386
0.185	-72.88366844	6.118746003
0.186	-73.1058419	4.77814958
0.187	-73.32639937	3.430274612
0.188	-73.54633841	2.077863025
0.189	-73.76668629	0.7237376573
0.19	-73.98848733	-0.6292313179
0.191	-74.21278976	-1.978161733
0.192	-74.44063236	-3.320195099
0.193	-74.67303152	-4.652531136
0.194	-74.91096922	-5.972459809
0.195	-75.1553823	-7.277389694
0.196	-75.40715334	-8.564871791
0.197	-75.66710343	-9.832618243
0.198	-75.93598679	-11.07851574
0.199	-76.21448736	-12.30063371
0.2	-76.50321713	-13.49722763
0.201	-76.80271604	-14.66673806
0.202	-77.11345328	-15.80778598
0.203	-77.43582969	-16.91916525
0.204	-77.77018097	-17.99983283
0.205	-78.11678158	-19.04889754
0.206	-78.47584899	-20.06560777
0.207	-78.84754812	-21.04933894
0.208	-79.23199594	-21.99958081
0.209	-79.62926586	-22.9159252
0.21	-80.03939215	-23.79805431
0.211	-80.46237402	-24.64572963
0.212	-80.89817947	-25.45878183
0.213	-81.34674893	-26.23710143
0.214	-81.80799855	-26.9806304
0.215	-82.28182322	-27.68935467
0.216	-82.76809931	-28.36329737
0.217	-83.26668718	-29.002513
0.218	-83.77743341	-29.60708222
0.219	-84.30017283	-30.17710737
0.22	-84.83473028	-30.71270857
0.221	-85.3809223	-31.21402035
0.222	-85.93855854	-31.6811888
0.223	-86.50744305	-32.11436915
0.224	-87.0873755	-32.51372363
0.225	-87.67815217	-32.87941983
0.226	-88.27956693	-33.21162919
0.227	-88.89141204	-33.51052585
0.228	-89.51347895	-33.77628565
0.229	-90.14555897	-34.00908537
0.23	-90.78744385	-34.20910212
0.231	-91.43892638	-34.37651285
0.232	-92.09980086	-34.51149404
0.233	-92.76986356	-34.61422144
0.234	-93.44891307	-34.68487
0.235	-94.1367507	-34.72361374
0.236	-94.83318079	-34.73062587
0.237	-95.53801093	-34.7060789
0.238	-96.25105221	-34.65014478
0.239	-96.97211944	-34.56299521
0.24	-97.70103123	-34.44480195
0.241	-98.43761017	-34.29573721
0.242	-99.18168284	-34.11597414
0.243	-99.93307985	-33.90568735
0.244	-100.6916359	-33.66505355
0.245	-101.4571894	-33.39425225
0.246	-102.229583	-33.09346658
0.247	-103.0086627	-32.76288417
0.248	-103.794278	-32.40269819
0.249	-104.5862817	-32.01310849
0.25	-105.3845294	-31.59432286
0.251	-106.188879	-31.14655845
0.252	-106.9991906	-30.67004336
0.253	-107.8153256	-30.16501838
0.254	-108.6371461	-29.63173893
0.255	-109.4645145	-29.07047719
0.256	-110.2972925	-28.48152446
0.257	-111.1353401	-27.86519366
0.258	-111.9785147	-27.22182223
0.259	-112.8266705	-26.55177506
0.26	-113.6796566	-25.85544777
0.261	-114.5373162	-25.13327024
0.262	-115.3994851	-24.38571029
0.263	-116.2659907	-23.61327755
0.264	-117.1366499	-22.81652758
0.265	-118.0112678	-21.99606602
0.266	-118.8896365	-21.15255286
0.267	-119.7715328	-20.28670669
0.268	-120.6567173	-19.39930881
0.269	-121.5449325	-18.49120719
0.27	-122.4359016	-17.56332003
0.271	-123.329327	-16.61663894
0.272	-124.2248893	-15.65223137
0.273	-125.1222467	-14.67124229
0.274	-126.021034	-13.67489493
0.275	-126.920863	-12.66449032
0.276	-127.8213222	-11.64140555
0.277	-128.7219781	-10.60709061
0.278	-129.622376	-9.563063714
0.279	-130.5220419	-8.510904989
0.28	-131.4204846	-7.45224865
0.281	-132.3171988	-6.388773632
0.282	-133.2116681	-5.322192857
0.283	-134.1033686	-4.254241331
0.284	-134.9917726	-3.186663331
0.285	-135.8763534	-2.121199011
0.286	-136.7565886	-1.059570763
0.287	-137.6319653	-0.003469718991
0.288	-138.501983	1.045457246
0.289	-139.3661584	2.085619655
0.29	-140.2240283	3.115494421
0.291	-141.0751525	4.133635427
0.292	-141.9191165	5.138681522
0.293	-142.7555334	6.129362815
0.294	-143.5840452	7.104505237
0.295	-144.4043237	8.063033386
0.296	-145.2160707	9.003971753
0.297	-146.0190181	9.926444451
0.298	-146.812927	10.82967362
0.299	-147.5975871	11.7129767
0.3	-148.3728153	12.57576276
0.301	-149.1384544	13.41752804
0.302	-149.8943715	14.23785106
0.303	-150.6404558	15.0363872
0.304	-151.3766178	15.81286318
0.305	-152.1027864	16.56707136
0.306	-152.818908	17.29886414
0.307	-153.5249444	18.00814845
0.308	-154.220871	18.69488039
0.309	-154.9066755	19.35906017
0.31	-155.5823565	20.00072734
0.311	-156.2479216	20.61995625
0.312	-156.9033869	21.21685189
0.313	-157.5487751	21.79154607
0.314	-158.184115	22.34419386
0.315	-158.8094403	22.87497034
0.316	-159.4247889	23.38406777
0.317	-160.0302019	23.87169282
0.318	-160.6257232	24.33806431
0.319	-161.2113987	24.78341098
0.32	-161.787276	25.20796965
0.321	-162.3534037	25.61198349
0.322	-162.9098312	25.99570048
0.323	-163.4566083	26.35937212
0.324	-163.993785	26.70325221
0.325	-164.5214109	27.02759582
0.326	-165.0395355	27.33265833
0.327	-165.5482077	27.61869469
0.328	-166.0474756	27.88595864
0.329	-166.5373867	28.1347021
0.33	-167.0179875	28.36517467
0.331	-167.4893236	28.57762311
0.332	-167.9514393	28.77229093
0.333	-168.4043782	28.94941807
0.334	-168.8481826	29.10924052
0.335	-169.2828936	29.25199015
0.336	-169.7085513	29.37789436
0.337	-170.1251944	29.48717598
0.338	-170.5328606	29.58005303
0.339	-170.9315865	29.65673862
0.34	-171.3214073	29.71744078
0.341	-171.7023572	29.7623624
0.342	-172.0744692	29.79170108
0.343	-172.4377753	29.80564911
0.344	-172.7923062	29.80439336
0.345	-173.1380916	29.78811524
0.346	-173.4751601	29.75699067
0.347	-173.8035391	29.71119001
0.348	-174.1232552	29.65087805
0.349	-174.4343337	29.57621399
0.35	-174.7367991	29.48735138
0.351	-175.0306745	29.38443817
0.352	-175.3159825	29.26761664
0.353	-175.5927444	29.1370234
0.354	-175.8609804	28.99278943
0.355	-176.1207101	28.83504004
0.356	-176.3719519	28.66389488
0.357	-176.6147231	28.47946795
0.358	-176.8490403	28.28186761
0.359	-177.0749192	28.07119662
0.36	-177.2923742	27.84755211
0.361	-177.5014192	27.61102563
0.362	-177.7020669	27.3617032
0.363	-177.8943292	27.09966531
0.364	-178.0782172	26.82498697
0.365	-178.2537407	26.53773775
0.366	-178.4209092	26.23798188
0.367	-178.5797308	25.92577824
0.368	-178.7302132	25.6011805
0.369	-178.8723629	25.26423715
0.37	-179.0061859	24.91499164
0.371	-179.1316871	24.55348248
0.372	-179.248871	24.17974333
0.373	-179.357741	23.79380317
0.374	-179.4583001	23.39568647
0.375	-179.5505507	22.98541333
0.376	-179.6344943	22.56299971
0.377	-179.7101322	22.12845764
0.378	-179.777465	21.68179547
0.379	-179.8364932	21.22301816
0.38	-179.8872169	20.75212754
0.381	-179.9296357	20.26912272
0.382	-179.9637496	19.7740004
0.383	-179.9895584	19.26675535
0.384	179.992938	18.74738077
0.385	179.9837392	18.21586889
0.386	179.9828445	17.67221142
0.387	179.9902525	17.11640019
0.388	-179.9940392	16.54842777
0.389	-179.9700338	15.96828814
0.39	-179.9377361	15.37597746
0.391	-179.8971521	14.77149482
0.392	-179.8482897	14.15484309
0.393	-179.791159	13.52602984
0.394	-179.7257724	12.88506823
0.395	-179.6521447	12.23197803
0.396	-179.5702939	11.56678663
0.397	-179.4802413	10.8895301
0.398	-179.3820119	10.20025428
0.399	-179.2756344	9.499015889
0.4	-179.161142	8.785883656
0.401	-179.0385727	8.060939419
0.402	-178.9079693	7.324279232
0.403	-178.7693799	6.576014435
0.404	-178.6228584	5.816272669
0.405	-178.4684645	5.04519883
0.406	-178.3062641	4.262955933
0.407	-178.1363295	3.469725867
0.408	-177.9587393	2.665710027
0.409	-177.7735792	1.851129797
0.41	-177.5809412	1.026226863
0.411	-177.3809242	0.1912633517
0.412	-177.1736338	-0.6534782396
0.413	-176.9591819	-1.507695315
0.414	-176.7376869	-2.371065673
0.415	-176.509273	-3.243248222
0.416	-176.2740702	-4.123883911
0.417	-176.0322136	-5.012596884
0.418	-175.783843	-5.908995823
0.419	-175.5291022	-6.812675493
0.42	-175.2681386	-7.723218441
0.421	-175.0011025	-8.640196839
0.422	-174.7281461	-9.563174434
0.423	-174.4494231	-10.49170859
0.424	-174.1650879	-11.42535235
0.425	-173.8752946	-12.36365655
0.426	-173.5801967	-13.30617186
0.427	-173.2799458	-14.25245083
0.428	-172.9746915	-15.20204981
0.429	-172.6645804	-16.15453075
0.43	-172.3497557	-17.10946293
0.431	-172.0303564	-18.0664245
0.432	-171.706517	-19.02500382
0.433	-171.378367	-19.98480069
0.434	-171.0460306	-20.94542737
0.435	-170.7096264	-21.9065094
0.436	-170.369267	-22.8676863
0.437	-170.025059	-23.82861201
0.438	-169.6771027	-24.78895527
0.439	-169.3254925	-25.74839974
0.44	-168.970316	-26.70664404
0.441	-168.611655	-27.66340168
0.442	-168.2495849	-28.61840081
0.443	-167.884175	-29.57138391
0.444	-167.5154887	-30.52210742
0.445	-167.1435837	-31.47034121
0.446	-166.7685119	-32.4158681
0.447	-166.39032	-33.35848326
0.448	-166.0090492	-34.29799358
0.449	-165.624736	-35.23421705
0.45	-165.2374119	-36.16698209
0.451	-164.8471041	-37.09612686
0.452	-164.4538352	-38.02149865
0.453	-164.0576238	-38.94295314
0.454	-163.6584848	-39.86035379
0.455	-163.2564294	-40.7735712
0.456	-162.8514651	-41.68248244
0.457	-162.4435965	-42.58697049
0.458	-162.0328251	-43.48692364
0.459	-161.6191495	-44.38223488
0.46	-161.2025657	-45.27280144
0.461	-160.7830674	-46.15852421
0.462	-160.3606457	-47.03930727
0.463	-159.9352899	-47.91505744
0.464	-159.5069872	-48.7856838
0.465	-159.075723	-49.65109729
0.466	-158.641481	-50.51121033
0.467	-158.2042435	-51.36593641
0.468	-157.7639912	-52.21518978
0.469	-157.3207038	-53.05888506
0.47	-156.8743596	-53.89693698
0.471	-156.4249359	-54.72926007
0.472	-155.9724093	-55.55576836
0.473	-155.5167554	-56.37637516
0.474	-155.0579489	-57.19099278
0.475	-154.5959643	-57.99953231
0.476	-154.1307752	-58.80190343
0.477	-153.662355	-59.59801417
0.478	-153.1906767	-60.38777074
0.479	-152.7157129	-61.17107735
0.48	-152.2374362	-61.94783605
0.481	-151.7558192	-62.71794656
0.482	-151.2708343	-63.48130614
0.483	-150.7824542	-64.23780942
0.484	-150.2906516	-64.98734832
0.485	-149.7953996	-65.72981188
0.486	-149.2966717	-66.4650862
0.487	-148.7944418	-67.19305428
0.488	-148.2886842	-67.91359596
0.489	-147.7793741	-68.62658784
0.49	-147.2664872	-69.33190314
0.491	-146.7500003	-70.02941169
0.492	-146.2298909	-70.71897982
0.493	-145.7061375	-71.40047029
0.494	-145.17872	-72.07374227
0.495	-144.6476193	-72.73865125
0.496	-144.1128177	-73.39504901
0.497	-143.5742991	-74.04278359
0.498	-143.0320487	-74.68169922
0.499	-142.4860538	-75.31163633
0.5	-141.9363033	-75.93243153
0.501	-141.382788	-76.54391753
0.502	-140.8255009	-77.14592322
0.503	-140.2644372	-77.7382736
0.504	-139.6995945	-78.32078979
0.505	-139.130973	-78.89328908
0.506	-138.5585753	-79.45558488
0.507	-137.982407	-80.0074868
0.508	-137.4024767	-80.54880063
0.509	-136.8187961	-81.0793284
0.51	-136.2313802	-81.5988684
0.511	-135.6402473	-82.10721526
0.512	-135.0454197	-82.60415994
0.513	-134.4469232	-83.08948987
0.514	-133.8447876	-83.56298893
0.515	-133.2390471	-84.02443759
0.516	-132.62974	-84.47361294
0.517	-132.0169093	-84.91028882
0.518	-131.4006027	-85.33423586
0.519	-130.7808728	-85.74522162
0.52	-130.1577772	-86.14301065
0.521	-129.5313788	-86.52736465
0.522	-128.9017462	-86.89804253
0.523	-128.2689535	-87.25480057
0.524	-127.6330805	-87.59739251
0.525	-126.9942133	-87.92556973
0.526	-126.3524442	-88.23908131
0.527	-125.7078716	-88.53767423
0.528	-125.0606008	-88.82109347
0.529	-124.4107437	-89.08908217
0.53	-123.7584191	-89.34138176
0.531	-123.1037528	-89.57773212
0.532	-122.4468781	-89.79787172
0.533	-121.7879352	-90.00153776
0.534	-121.1270721	-90.18846632
0.535	-120.4644445	-90.35839249
0.536	-119.8002154	-90.51105052
0.537	-119.1345561	-90.64617395
0.538	-118.4676455	-90.76349574
0.539	-117.7996706	-90.8627484
0.54	-117.1308266	-90.9436641
0.541	-116.4613165	-91.00597475
0.542	-115.7913517	-91.04941215
0.543	-115.1211517	-91.07370803
0.544	-114.4509441	-91.07859414
0.545	-113.7809648	-91.06380232
0.546	-113.1114576	-91.02906451
0.547	-112.4426747	-90.97411279
0.548	-111.774876	-90.8986794
0.549	-111.1083295	-90.80249669
0.55	-110.4433111	-90.68529713
0.551	-109.7801042	-90.54681318
0.552	-109.1190001	-90.38677727
0.553	-108.4602972	-90.20492163
0.554	-107.8043016	-90.00097817
0.555	-107.1513261	-89.77467829
0.556	-106.5016906	-89.52575267
0.557	-105.8557219	-89.25393101
0.558	-105.213753	-88.95894175
0.559	-104.5761233	-88.64051175
0.56	-103.9431783	-88.29836587
0.561	-103.3152692	-87.9322266
0.562	-102.6927529	-87.54181359
0.563	-102.0759914	-87.12684309
0.564	-101.465352	-86.68702741
0.565	-100.8612067	-86.22207428
0.566	-100.263932	-85.73168616
0.567	-99.67390909	-85.21555947
0.568	-99.09152291	-84.6733838
0.569	-98.51716251	-84.10484099
0.57	-97.95122067	-83.50960416
0.571	-97.3940937	-82.88733667
0.572	-96.84618135	-82.23769096
0.573	-96.30788668	-81.56030738
0.574	-95.77961595	-80.8548128
0.575	-95.26177858	-80.12081922
0.576	-94.75478714	-79.35792222
0.577	-94.25905741	-78.56569934
0.578	-93.77500838	-77.74370823
0.579	-93.30306247	-76.89148483
0.58	-92.84364563	-76.00854123
0.581	-92.39718765	-75.0943635
0.582	-91.96412245	-74.14840935
0.583	-91.54488841	-73.1701055
0.584	-91.13992889	-72.15884503
0.585	-90.7496927	-71.11398441
0.586	-90.37463474	-70.03484035
0.587	-90.01521664	-68.92068648
0.588	-89.67190756	-67.77074975
0.589	-89.34518502	-66.5842066
0.59	-89.03553582	-65.36017894
0.591	-88.74345706	-64.09772983
0.592	-88.46945722	-62.79585902
0.593	-88.21405723	-61.45349821
0.594	-87.97779169	-60.06950624
0.595	-87.76120999	-58.64266412
0.596	-87.56487746	-57.17167015
0.597	-87.3893764	-55.65513512
0.598	-87.2353069	-54.09157792
0.599	-87.10328745	-52.4794218
0.6	-86.99395505	-50.81699166
0.601	-86.90796471	-49.10251297
0.602	-86.84598801	-47.33411297
0.603	-86.80871047	-45.50982534
0.604	-86.79682701	-43.62759945
0.605	-86.81103524	-41.68531613
0.606	-86.8520254	-39.68081219
0.607	-86.92046623	-37.61191668
0.608	-87.01698524	-35.47650258
0.609	-87.14214214	-33.27255834
0.61	-87.29639339	-30.99828454
0.611	-87.48004628	-28.65222112
0.612	-87.69320069	-26.23341046
0.613	-87.93567756	-23.74159975
0.614	-88.20693436	-21.17748219
0.615	-88.50597038	-18.5429697
0.616	-88.83122829	-15.84147907
0.617	-89.18050329	-13.07819936
0.618	-89.5508762	-10.2602935
0.619	-89.9386905	-7.396976541
0.62	-90.33959264	-4.499413658
0.621	-90.74864829	-1.580401228
0.622	-91.16053311	1.34616636
0.623	-91.56977919	4.265990226
0.624	-91.97104323	7.165122824
0.625	-92.35935581	10.03066956
0.626	-92.730317	12.8513358
0.627	-93.08021813	15.61776175
0.628	-93.40608725	18.32263894
0.629	-93.70567012	20.96064306
0.63	-93.97736567	23.52823901
0.631	-94.22013629	26.02341634
0.632	-94.43340949	28.44540316
0.633	-94.6169826	30.79439161
0.634	-94.77093747	33.07129398
0.635	-94.89556791	35.27753754
0.636	-94.99132062	37.41489868
0.637	-95.05874837	39.48537333
0.638	-95.09847398	41.49107832
0.639	-95.11116311	43.43417824
0.64	-95.09750422	45.31683255
0.641	-95.05819401	47.14115835
0.642	-94.9939272	48.90920524
0.643	-94.90538958	50.62293897
0.644	-94.79325339	52.28423184
0.645	-94.65817458	53.8948578
0.646	-94.50079131	55.45649107
0.647	-94.32172342	56.9707071
0.648	-94.1215725	58.43898522
0.649	-93.90092248	59.86271235
0.65	-93.66034045	61.24318735
0.651	-93.40037772	62.58162587
0.652	-93.1215709	63.87916519
0.653	-92.82444312	65.13686926
0.654	-92.50950515	66.35573355
0.655	-92.17725653	67.53668974
0.656	-91.82818668	68.68061031
0.657	-91.46277587	69.78831283
0.658	-91.08149616	70.86056406
0.659	-90.68481224	71.89808378
0.66	-90.27318221	72.90154842
0.661	-89.84705825	73.87159444
0.662	-89.40688723	74.80882152
0.663	-88.95311119	75.71379551
0.664	-88.48616783	76.58705117
0.665	-88.00649086	77.42909478
0.666	-87.51451026	78.2404065
0.667	-87.01065258	79.02144266
0.668	-86.49534108	79.77263777
0.669	-85.9689958	80.49440652
0.67	-85.43203373	81.18714554
0.671	-84.8848687	81.85123508
0.672	-84.32791145	82.48704058
0.673	-83.7615695	83.0949141
0.674	-83.18624708	83.67519566
0.675	-82.60234497	84.22821448
0.676	-82.01026034	84.75429014
0.677	-81.41038657	85.25373363
0.678	-80.80311304	85.72684834
0.679	-80.18882489	86.17393095
0.68	-79.56790279	86.59527226
0.681	-78.94072268	86.99115797
0.682	-78.30765555	87.36186936
0.683	-77.6690671	87.70768393
0.684	-77.02531756	88.02887594
0.685	-76.37676138	88.32571701
0.686	-75.72374697	88.59847649
0.687	-75.06661646	88.84742195
0.688	-74.40570545	89.07281949
0.689	-73.74134277	89.27493413
0.69	-73.07385024	89.45403003
0.691	-72.40354248	89.61037076
0.692	-71.73072669	89.74421953
0.693	-71.05570247	89.85583929
0.694	-70.37876166	89.94549293
0.695	-69.70018815	90.01344336
0.696	-69.02025779	90.05995358
0.697	-68.33923825	90.08528672
0.698	-67.6573889	90.08970611
0.699	-66.97496077	90.0734752
0.7	-66.29219645	90.03685761
0.701	-65.60933004	89.98011706
0.702	-64.92658716	89.90351728
0.703	-64.2441849	89.80732198
0.704	-63.56233185	89.69179473
0.705	-62.88122809	89.55719887
0.706	-62.20106527	89.40379737
0.707	-61.52202666	89.23185272
0.708	-60.84428717	89.0416268
0.709	-60.16801349	88.83338072
0.71	-59.49336416	88.60737465
0.711	-58.82048968	88.36386772
0.712	-58.14953264	88.1031178
0.713	-57.48062784	87.82538139
0.714	-56.81390242	87.53091342
0.715	-56.14947604	87.21996706
0.716	-55.48746102	86.89279364
0.717	-54.82796251	86.54964239
0.718	-54.17107865	86.19076034
0.719	-53.51690075	85.81639212
0.72	-52.86551348	85.42677982
0.721	-52.21699506	85.02216284
0.722	-51.57141743	84.60277772
0.723	-50.92884645	84.168858
0.724	-50.2893421	83.7206341
0.725	-49.65295864	83.25833313
0.726	-49.01974487	82.78217883
0.727	-48.38974425	82.29239138
0.728	-47.76299515	81.78918731
0.729	-47.139531	81.27277941
0.73	-46.5193805	80.74337657
0.731	-45.90256782	80.20118374
0.732	-45.28911277	79.64640177
0.733	-44.67903097	79.07922741
0.734	-44.07233405	78.49985315
0.735	-43.46902985	77.90846718
0.736	-42.86912252	77.30525336
0.737	-42.27261278	76.69039111
0.738	-41.679498	76.06405538
0.739	-41.08977243	75.4264166
0.74	-40.50342732	74.77764068
0.741	-39.92045107	74.11788894
0.742	-39.34082943	73.4473181
0.743	-38.76454557	72.76608026
0.744	-38.19158029	72.07432293
0.745	-37.6219121	71.37218898
0.746	-37.05551741	70.65981668
0.747	-36.49237061	69.93733972
0.748	-35.93244425	69.20488721
0.749	-35.3757091	68.46258374
0.75	-34.82213434	67.71054939
0.751	-34.27168762	66.94889982
0.752	-33.72433521	66.17774629
0.753	-33.18004212	65.39719576
0.754	-32.63877216	64.60735095
0.755	-32.10048814	63.80831045
0.756	-31.56515189	63.00016879
0.757	-31.03272443	62.18301659
0.758	-30.50316606	61.35694068
0.759	-29.97643646	60.52202421
0.76	-29.45249485	59.67834686
0.761	-28.93130003	58.82598498
0.762	-28.41281057	57.9650118
0.763	-27.89698487	57.09549763
0.764	-27.38378134	56.21751011
0.765	-26.87315849	55.33111445
0.766	-26.36507509	54.43637374
0.767	-25.8594903	53.53334925
0.768	-25.35636382	52.62210076
0.769	-24.85565606	51.70268698
0.77	-24.35732831	50.77516591
0.771	-23.86134291	49.83959531
0.772	-23.36766345	48.89603322
0.773	-22.87625498	47.94453846
0.774	-22.38708425	46.98517126
0.775	-21.90011989	46.01799385
0.776	-21.41533275	45.04307121
0.777	-20.93269612	44.06047178
0.778	-20.45218604	43.07026833
0.779	-19.97378163	42.07253879
0.78	-19.49746542	41.06736727
0.781	-19.02322373	40.05484501
0.782	-18.55104703	39.03507156
0.783	-18.08093038	38.00815591
0.784	-17.61287389	36.97421774
0.785	-17.14688312	35.93338877
0.786	-16.68296963	34.88581411
0.787	-16.22115143	33.83165377
0.788	-15.76145358	32.7710841
0.789	-15.30390865	31.70429941
0.79	-14.84855733	30.63151354
0.791	-14.39544894	29.55296141
0.792	-13.94464203	28.46890068
0.793	-13.49620488	27.37961326
0.794	-13.050216	26.2854068
0.795	-12.60676467	25.18661611
0.796	-12.16595131	24.08360437
0.797	-11.72788789	22.97676421
0.798	-11.29269817	21.86651856
0.799	-10.86051796	20.75332116
0.8	-10.43149512	19.63765684
0.801	-10.00578957	18.52004137
0.802	-9.58357305	17.40102083
0.803	-9.165028804	16.28117066
0.804	-8.750351021	15.16109408
0.805	-8.339744147	14.0414201
0.806	-7.933422001	12.92280093
0.807	-7.531606715	11.80590892
0.808	-7.134527504	10.69143304
0.809	-6.742419284	9.580074813
0.81	-6.355521155	8.472544012
0.811	-5.974074774	7.369553912
0.812	-5.598322652	6.27181641
0.813	-5.228506416	5.180037004
0.814	-4.864865051	4.094909779
0.815	-4.507633196	3.017112504
0.816	-4.157039495	1.947301945
0.817	-3.813305066	0.8861095168
0.818	-3.476642102	-0.1658626613
0.819	-3.147252644	-1.208045204
0.82	-2.825327532	-2.239904354
0.821	-2.511045561	-3.260944283
0.822	-2.204572836	-4.270708781
0.823	-1.906062337	-5.268782343
0.824	-1.615653683	-6.254790664
0.825	-1.333473085	-7.228400578
0.826	-1.059633468	-8.189319495
0.827	-0.7942347537	-9.137294375
0.828	-0.5373642704	-10.07211032
0.829	-0.2890972823	-10.99358886
0.83	-0.04949760434	-11.9015859
0.831	0.1813817122	-12.79598959
0.832	0.4034976448	-13.67671797
0.833	0.6168164335	-14.54371654
0.834	0.8213128008	-15.39695582
0.835	1.01696917	-16.23642891
0.836	1.203774894	-17.06214907
0.837	1.381725512	-17.87414739
0.838	1.550822022	-18.67247054
0.839	1.711070201	-19.45717867
0.84	1.862479961	-20.22834333
0.841	2.005064739	-20.98604565
0.842	2.138840944	-21.73037452
0.843	2.263827436	-22.46142506
0.844	2.380045056	-23.17929704
0.845	2.487516196	-23.8840936
0.846	2.586264409	-24.57591997
0.847	2.676314065	-25.25488238
0.848	2.757690033	-25.92108707
0.849	2.830417408	-26.57463935
0.85	2.894521268	-27.21564286
0.851	2.950026455	-27.84419882
0.852	2.996957393	-28.46040543
0.853	3.035337925	-29.06435729
0.854	3.065191176	-29.65614496
0.855	3.086539435	-30.23585452
0.856	3.099404056	-30.80356721
0.857	3.103805379	-31.35935911
0.858	3.099762664	-31.90330091
0.859	3.087294034	-32.43545762
0.86	3.066416444	-32.95588845
0.861	3.03714564	-33.46464662
0.862	2.999496149	-33.96177923
0.863	2.953481262	-34.44732715
0.864	2.899113029	-34.92132495
0.865	2.836402263	-35.38380084
0.866	2.765358547	-35.83477661
0.867	2.68599024	-36.27426758
0.868	2.598304503	-36.70228263
0.869	2.502307306	-37.11882412
0.87	2.398003458	-37.52388796
0.871	2.285396625	-37.91746354
0.872	2.164489358	-38.29953381
0.873	2.035283116	-38.67007523
0.874	1.897778297	-39.02905785
0.875	1.75197426	-39.37644528
0.876	1.597869356	-39.71219473
0.877	1.435460954	-40.03625705
0.878	1.264745465	-40.34857675
0.879	1.08571837	-40.64909201
0.88	0.8983742431	-40.9377347
0.881	0.7027067736	-41.21443043
0.882	0.4987087887	-41.47909856
0.883	0.2863722718	-41.7316522
0.884	0.06568838048	-41.97199827
0.885	-0.1633525389	-42.20003746
0.886	-0.4007609379	-42.41566429
0.887	-0.6465480565	-42.6187671
0.888	-0.9007259152	-42.80922807
0.889	-1.163307311	-42.98692318
0.89	-1.434305816	-43.15172225
0.891	-1.71373578	-43.30348894
0.892	-2.001612336	-43.4420807
0.893	-2.297951408	-43.56734878
0.894	-2.602769727	-43.6791382
0.895	-2.916084847	-43.77728775
0.896	-3.237915164	-43.86162994
0.897	-3.568279946	-43.93199093
0.898	-3.907199359	-43.98819058
0.899	-4.254694506	-44.0300423
0.9	-4.610787463	-44.05735308
0.901	-4.975501327	-44.06992336
0.902	-5.348860262	-44.06754704
0.903	-5.730889557	-44.05001134
0.904	-6.121615687	-44.01709675
0.905	-6.521066377	-43.96857695
0.906	-6.929270672	-43.90421872
0.907	-7.346259018	-43.82378181
0.908	-7.772063343	-43.72701888
0.909	-8.206717145	-43.61367535
0.91	-8.650255588	-43.4834893
0.911	-9.1027156	-43.33619133
0.912	-9.564135978	-43.17150447
0.913	-10.0345575	-42.98914399
0.914	-10.51402305	-42.78881731
0.915	-11.00257772	-42.57022382
0.916	-11.50026894	-42.33305476
0.917	-12.00714663	-42.07699308
0.918	-12.52326332	-41.80171328
0.919	-13.04867425	-41.5068813
0.92	-13.58343757	-41.19215439
0.921	-14.12761444	-40.85718094
0.922	-14.68126915	-40.50160049
0.923	-15.2444693	-40.12504353
0.924	-15.81728589	-39.72713156
0.925	-16.39979346	-39.30747699
0.926	-16.99207018	-38.86568324
0.927	-17.59419799	-38.4013448
0.928	-18.2062626	-37.91404739
0.929	-18.82835364	-37.4033682
0.93	-19.4605646	-36.86887625
0.931	-20.10299285	-36.31013287
0.932	-20.75573963	-35.72669228
0.933	-21.41890985	-35.11810245
0.934	-22.09261198	-34.48390603
0.935	-22.77695779	-33.82364167
0.936	-23.47206198	-33.13684554
0.937	-24.17804173	-32.42305322
0.938	-24.89501617	-31.681802
0.939	-25.62310556	-30.91263363
0.94	-26.36243044	-30.11509763
0.941	-27.11311054	-29.28875517
0.942	-27.87526337	-28.43318373
0.943	-28.64900268	-27.54798248
0.944	-29.43443656	-26.63277861
0.945	-30.23166517	-25.68723465
0.946	-31.04077817	-24.71105685
0.947	-31.86185176	-23.7040048
0.948	-32.69494524	-22.66590225
0.949	-33.54009717	-21.5966493
0.95	-34.39732108	-20.4962358
0.951	-35.26660076	-19.36475614
0.952	-36.14788513	-18.20242504
0.953	-37.04108285	-17.00959434
0.954	-37.94605661	-15.78677035
0.955	-38.8626175	-14.53463125
0.956	-39.79051937	-13.25404407
0.957	-40.72945371	-11.94608031
0.958	-41.67904513	-10.61202942
0.959	-42.63884786	-9.253409082
0.96	-43.60834365	-7.871971248
0.961	-44.58694139	-6.46970287
0.962	-45.57397863	-5.048820465
0.963	-46.56872544	-3.611757808
0.964	-47.57039053	-2.161146459
0.965	-48.57812968	-0.6997892348
0.966	-49.59105625	0.7693727327
0.967	-50.6082534	2.243298237
0.968	-51.62878749	3.718887972
0.969	-52.6517221	5.193028363
0.97	-53.67613193	6.662635219
0.971	-54.70111598	8.124695235
0.972	-55.72580944	9.576303542
0.973	-56.7493937	11.01469593
0.974	-57.77110441	12.43727477
0.975	-58.79023725	13.84162816
0.976	-59.80615139	15.22554237
0.977	-60.81827107	16.58700785
0.978	-61.82608508	17.92421963
0.979	-62.82914487	19.23557286
0.98	-63.82706135	20.51965455
0.981	-64.8195007	21.77523243
0.982	-65.80617972	23.0012418
0.983	-66.78686065	24.19677129
0.984	-67.76134601	25.36104796
0.985	-68.72947331	26.49342257
0.986	-69.69111012	27.5933552
0.987	-70.64614924	28.66040162
0.988	-71.5945043	29.69420059
0.989	-72.5361057	30.69446212
0.99	-73.4708969	31.66095694
0.991	-74.39883114	32.59350694
0.992	-75.31986849	33.4919767
0.993	-76.23397328	34.35626603
0.994	-77.14111178	35.18630345
0.995	-78.04125031	35.98204047
0.996	-78.93435346	36.74344667
0.997	-79.82038269	37.47050546
0.998	-80.69929509	38.16321048
0.999	-81.57104231	38.82156245
1	-82.43556971	39.44556663
