49.9999996132
49.9999965189
49.9999860756
49.9999613212
49.9999129730
49.9998294280
49.9996967633
49.9994987372
49.9992167907
49.9988300492
49.9983153259
49.9976471260
49.9967976521
49.9957368114
49.9944322252
49.9928492398
49.9909509410
49.9886981712
49.9860495493
49.9829614950
49.9793882570
49.9752819457
49.9705925702
49.9652680816
49.9592544208
49.9524955731
49.9449336285
49.9365088486
49.9271597408
49.9168231385
49.9054342891
49.8929269489
49.8792334850
49.8642849844
49.8480113697
49.8303415212
49.8112034056
49.7905242101
49.7682304818
49.7442482713
49.7185032801
49.6909210117
49.6614269239
49.6299465826
49.5964058165
49.5607308698
49.5228485550
49.4826864013
49.4401728013
49.3952371518
49.3478099903
49.2978231258
49.2452097625
49.1899046173
49.1318440291
49.0709660616
49.0072105970
48.9405194232
48.8708363124
48.7981070924
48.7222797104
48.6433042907
48.5611331851
48.4757210173
48.3870247230
48.2950035839
48.1996192584
48.1008358085
47.9986197238
47.8929399432
47.7837678752
47.6710774171
47.5548449730
47.4350494729
47.3116723913
47.1846977673
47.0541122253
46.9199049978
46.7820679495
46.6405956039
46.4954851717
46.3467365813
46.1943525121
46.0383384299
45.8787026242
45.7154562485
45.5486133619
45.3781909730
45.2042090857
45.0266907457
44.8456620894
44.6611523919
44.4731941177
44.2818229690
44.0870779362
43.8890013451
43.6876389048
43.4830397525
43.2752564965
43.0643452554
42.8503656947
42.6333810578
42.4134581929
42.1906675737
41.9650833134
41.7367831718
41.5058485537
41.2723644993
41.0364196641
40.7981062885
40.5575201567
40.3147605428
40.0699301449
39.8231350049
39.5744844156
39.3240908113
39.0720696453
38.8185392500
38.5636206826
38.3074375538
38.0501158407
37.7917836835
37.5325711666
37.2726100835
37.0120336868
36.7509764244
36.4895736608
36.2279613867
35.9662759159
35.7046535728
35.4432303695
35.1821416757
34.9215218826
34.6615040605
34.4022196148
34.1437979387
33.8863660666
33.6300483277
33.3749660026
33.1212369830
32.8689754363
32.6182914758
32.3692908366
32.1220745589
31.8767386778
31.6333739212
31.3920654135
31.1528923878
30.9159279040
30.6812385731
30.4488842873
30.2189179553
29.9913852423
29.7663243131
29.5437655800
29.3237314528
29.1062360927
28.8912851691
28.6788756201
28.4689954179
28.2616233391
28.0567287430
27.8542713588
27.6542010839
27.4564577979
27.2609711939
27.0676606314
26.8764350155
26.6871927065
26.4998214645
26.3141984336
26.1301901722
25.9476527314
25.7664317889
25.5863628403
25.4072714525
25.2289735811
25.0512759543
24.8739765230
24.6968649777
24.5197233285
24.3423265468
24.1644432626
23.9858365117
23.8062645248
23.6254815516
23.4432387076
23.2592848358
23.0733673714
22.8852331983
22.6946294884
22.5013045108
22.3050084056
22.1054939102
21.9025170349
21.6958376816
21.4852202040
21.2704339078
21.0512534957
20.8274594597
20.5988384321
20.3651835038
20.1262945283
19.8819784296
19.6320495384
19.3763299875
19.1146502029
18.8468495340
18.5727770767
18.2922927532
18.0052687237
17.7115912209
17.4111629112
17.1039059062
16.7897655584
16.4687151943
16.1407619370
15.8059537660
15.4643879306
15.1162207680
14.7616788598
14.4010712808
14.0348024295
13.6633845814
13.2874488969
12.9077531924
12.5251844620
12.1407540610
11.7555838081
11.3708821406
10.9879108625
10.6079447157
10.2322275639
9.8619299055
9.4981123734
9.1416988071
8.7934607236
8.4540131031
8.1238198492
7.8032063683
7.4923764757
7.1914311095
6.9003868934
6.6191932252
6.3477471370
6.0859056213
5.8334954211
5.5903204671
5.3561672372
5.1308083481
4.9140046787
4.7055063017
4.5050524671
4.3123708432
4.1271761936
3.9491686406
3.7780316454
3.6134298192
3.4550066715
3.3023823917
3.1551517562
3.0128822536
2.8751125121
2.7413511169
2.6110758935
2.4837337333
2.3587410188
2.2354847002
2.1133240508
1.9915931098
1.8696037991
1.7466496703
1.6220102186
1.4949556699
1.3647521321
1.2306669818
1.0919743517
0.9479605771
0.7979294680
0.6412072834
0.4771473004
0.3051338915
0.1245860507
-0.0650396732
-0.2642468473
-0.4734974240
-0.6932105850
-0.9237621190
-1.1654842854
-1.4186661086
-1.6835540432
-1.9603529530
-2.2492273479
-2.5503028256
-2.8636676720
-3.1893745785
-3.5274424408
-3.8778582086
-4.2405787605
-4.6155327840
-5.0026226442
-5.4017262257
-5.8126987394
-6.2353744838
-6.6695685543
-7.1150784958
-7.5716858932
-8.0391578967
-8.5172486784
-9.0057008188
-9.5042466195
-10.0126093408
-10.5305043624
-11.0576402656
-11.5937198348
-12.1384409760
-12.6914975523
-13.2525801316
-13.8213766459
-14.3975729586
-14.9808533360
-15.5709008202
-16.1673974964
-16.7700246510
-17.3784628125
-17.9923916673
-18.6114898409
-19.2354345343
-19.8639010027
-20.4965618623
-21.1330862100
-21.7731385397
-22.4163774354
-23.0624540247
-23.7110101734
-24.3616764059
-25.0140695383
-25.6677900196
-26.3224189851
-26.9775150411
-27.6326108236
-28.2872093958
-28.9407805926
-29.5927574558
-30.2425329609
-30.8894572887
-31.5328359484
-32.1719291111
-32.8059525348
-33.4340804637
-34.0554508332
-34.6691730086
-35.2743381206
-35.8700318378
-36.4553491654
-37.0294106025
-37.5913787778
-38.1404745575
-38.6759916068
-39.1973085047
-39.7038977361
-40.1953311855
-40.6712820783
-41.1315236068
-41.5759247080
-42.0044435968
-42.4171197138
-42.8140647249
-43.1954531339
-43.5615129687
-43.9125168832
-44.2487739119
-44.5706220160
-44.8784214843
-45.1725491962
-45.4533937097
-45.7213511168
-45.9768215900
-46.2202065406
-46.4519063083
-46.6723183064
-46.8818355523
-47.0808455204
-47.2697292627
-47.4488607492
-47.6186063871
-47.7793246844
-47.9313660290
-48.0750725591
-48.2107781044
-48.3388081830
-48.4594800389
-48.5731027105
-48.6799771204
-48.7803961799
-48.8746449032
-48.9630005247
-49.0457326188
-49.1231032177
-49.1953669250
-49.2627710258
-49.3255555894
-49.3839535663
-49.4381908782
-49.4884865011
-49.5350525412
-49.5780943046
-49.6178103613
-49.6543926028
-49.6880262954
-49.7188901294
-49.7471562646
-49.7729903732
-49.7965516816
-49.8179930103
-49.8374608149
-49.8550952271
-49.8710300987
-49.8853930468
-49.8983055035
-49.9098827697
-49.9202340734
-49.9294626340
-49.9376657327
-49.9449347895
-49.9513554473
-49.9570076636
-49.9619658094
-49.9662987759
-49.9700700895
-49.9733380335
-49.9761557779
-49.9785715161
-49.9806286084
-49.9823657315
-49.9838170345
-49.9850122989
-49.9859771045
-49.9867329978
-49.9872976642
-49.9876851023
-49.9879057997
-49.9879669095
-49.9878724270
-49.9876233651
-49.9872179285
-49.9866516858
-49.9859177381
-49.9850068846
-49.9839077835
-49.9826071084
-49.9810896995
-49.9793387091
-49.9773357405
-49.9750609817
-49.9724933308
-49.9696105159
-49.9663892069
-49.9628051210
-49.9588331203
-49.9544473025
-49.9496210842
-49.9443272775
-49.9385381595
-49.9322255349
-49.9253607922
-49.9179149538
-49.9098587197
-49.9011625058
-49.8917964771
-49.8817305749
-49.8709345402
-49.8593779324
-49.8470301437
-49.8338604102
-49.8198378198
-49.8049313160
-49.7891097006
-49.7723416326
-49.7545956260
-49.7358400452
-49.7160430990
-49.6951728336
-49.6731971243
-49.6500836663
-49.6257999654
-49.6003133275
-49.5735908486
-49.5455994044
-49.5163056398
-49.4856759593
-49.4536765168
-49.4202732066
-49.3854316547
-49.3491172108
-49.3112949410
-49.2719296214
-49.2309857325
-49.1884274548
-49.1442186653
-49.0983229349
-49.0507035277
-49.0013234006
-48.9501452046
-48.8971312879
-48.8422436995
-48.7854441950
-48.7266942437
-48.6659550368
-48.6031874983
-48.5383522964
-48.4714098577
-48.4023203825
-48.3310438626
-48.2575401003
-48.1817687309
-48.1036892456
-48.0232610182
-47.9404433334
-47.8551954176
-47.7674764727
-47.6772457123
-47.5844624007
-47.4890858952
-47.3910756914
-47.2903914715
-47.1869931563
-47.0808409609
-46.9718954540
-46.8601176209
-46.7454689312
-46.6279114104
-46.5074077159
-46.3839212184
-46.2574160875
-46.1278573827
-45.9952111501
-45.8594445241
-45.7205258355
-45.5784247252
-45.4331122645
-45.2845610818
-45.1327454957
-44.9776416553
-44.8192276875
-44.6574838514
-44.4923927003
-44.3239392504
-44.1521111581
-43.9768989036
-43.7982959830
-43.6162991061
-43.4309084030
-43.2421276357
-43.0499644171
-42.8544304345
-42.6555416785
-42.4533186754
-42.2477867222
-42.0389761225
-41.8269224222
-41.6116666426
-41.3932555079
-41.1717416663
-40.9471838994
-40.7196473185
-40.4892035425
-40.2559308537
-40.0199143276
-39.7812459305
-39.5400245806
-39.2963561663
-39.0503535171
-38.8021363198
-38.5518309760
-38.2995703949
-38.0454937159
-37.7897459580
-37.5324775931
-37.2738440393
-37.0140050772
-36.7531241880
-36.4913678181
-36.2289045761
-35.9659043706
-35.7025374981
-35.4389736949
-35.1753811671
-34.9119256149
-34.6487692701
-34.3860699631
-34.1239802389
-33.8626465402
-33.6022084723
-33.3427981657
-33.0845397469
-32.8275489270
-32.5719327132
-32.3177892444
-32.0652077512
-31.8142686339
-31.5650436525
-31.3175962176
-31.0719817722
-30.8282482496
-30.5864365952
-30.3465813379
-30.1087111975
-29.8728497157
-29.6390158983
-29.4072248594
-29.1774884567
-28.9498159122
-28.7242144106
-28.5006896713
-28.2792464915
-28.0598892554
-27.8426224117
-27.6274509167
-27.4143806437
-27.2034187609
-26.9945740777
-26.7878573629
-26.5832816345
-26.3808624268
-26.1806180330
-25.9825697293
-25.7867419809
-25.5931626323
-25.4018630844
-25.2128784613
-25.0262477671
-24.8420140360
-24.6602244767
-24.4809306133
-24.3041884237
-24.1300584770
-23.9586060714
-23.7899013738
-23.6240195619
-23.4610409697
-23.3010512374
-23.1441414669
-22.9904083826
-22.8399544989
-22.6928882934
-22.5493243886
-22.4093837386
-22.2731938239
-22.1408888519
-22.0126099624
-21.8885054384
-21.7687309186
-21.6534496114
-21.5428325050
-21.4370585727
-21.3363149656
-21.2407971885
-21.1507092490
-21.0662637714
-20.9876820602
-20.9151940989
-20.8490384621
-20.7894621155
-20.7367200724
-20.6910748652
-20.6527957845
-20.6221578222
-20.5994402448
-20.5849247039
-20.5788927712
-20.5816227618
-20.5933856853
-20.6144401306
-20.6450258665
-20.6853559071
-20.7356067742
-20.7959066794
-20.8663213707
-20.9468374496
-21.0373430926
-21.1376063257
-21.2472513378
-21.3657337861
-21.4923166606
-21.6260489798
-21.7657503004
-21.9100045558
-22.0571668399
-22.2053861687
-22.3526457840
-22.4968202508
-22.6357457916
-22.7672976627
-22.8894666866
-23.0004269033
-23.0985878060
-23.1826273477
-23.2515050482
-23.3044572789
-23.3409786082
-23.3607938089
-23.3638249384
-23.3501571285
-23.3200057263
-23.2736864388
-23.2115893262
-23.1341568841
-23.0418660655
-22.9352138655
-22.8147059945
-22.6808481384
-22.5341393348
-22.3750670446
-22.2041035567
-22.0217034277
-21.8283017113
-21.6243127833
-21.4101296084
-21.1861233279
-20.9526430786
-20.7100159692
-20.4585471630
-20.1985200259
-19.9301963091
-19.6538163445
-19.3695992348
-19.0777430268
-18.7784248554
-18.4718010528
-18.1580072131
-17.8371582072
-17.5093481406
-17.1746502472
-16.8331167109
-16.4847784067
-16.1296445504
-15.7677022452
-15.3989159107
-15.0232265790
-14.6405510365
-14.2507807901
-13.8537808309
-13.4493881613
-13.0374100502
-12.6176219684
-12.1897651514
-11.7535437229
-11.3086213007
-10.8546169885
-10.3911006365
-9.9175872286
-9.4335302183
-8.9383135990
-8.4312424384
-7.9115315475
-7.3782918716
-6.8305140978
-6.2670488567
-5.6865827667
-5.0876094345
-4.4683944180
-3.8269331493
-3.1609010664
-2.4675960467
-1.7438754014
-0.9860946278
-0.1900658385
0.6489239134
1.5359499434
2.4759776293
3.4727929787
4.5269529189
5.6326102425
6.7742854608
7.9268051554
9.0613710480
10.1547017474
11.1939666969
12.1755494356
13.1013495037
13.9757057888
14.8036233612
15.5899446780
16.3390336825
17.0547007799
17.7402284958
18.3984323073
19.0317281406
19.6421952337
20.2316307129
20.8015954514
21.3534520155
21.8883958569
22.4074809139
22.9116406487
23.4017053848
23.8784166500
24.3424390921
24.7943704253
25.2347497684
25.6640646687
26.0827570432
26.4912282254
26.8898432703
27.2789346389
27.6588053638
28.0297317772
28.3919658684
28.7457373276
29.0912553201
29.4287100316
29.7582740149
30.0801033653
30.3943387479
30.7011062956
31.0005183923
31.2926743582
31.5776610457
31.8555533562
32.1264146880
32.3902973196
32.6472427358
32.8972819013
33.1404354848
33.3767140393
33.6061181384
33.8286384733
34.0442559115
34.2529415190
34.4546565473
34.6493523875
34.8369704930
35.0174422730
35.1906889594
35.3566214512
35.5151401423
35.6661347381
35.8094840718
35.9450559320
36.0727069191
36.1922823505
36.3036162455
36.4065314223
36.5008397577
36.5863426633
36.6628318539
36.7300904965
36.7878948497
36.8360165233
36.8742255128
36.9022941837
36.9200023979
36.9271439860
36.9235347581
36.9090222150
36.8834970495
36.8469064021
36.7992686495
36.7406892423
36.6713767830
36.5916581706
36.5019912871
36.4029734519
36.2953438259
36.1799782148
36.0578753397
35.9301346054
35.7979265254
35.6624580532
35.5249358358
35.3865306607
35.2483460603
35.1113932588
34.9765736252
34.8446687668
34.7163375714
34.5921189648
34.4724389233
34.3576202950
34.2478941609
34.1434117249
34.0442559931
33.9504527520
33.8619805578
33.7787796008
33.7007594213
33.6278055195
33.5597849455
33.4965509755
33.4379469877
33.3838096469
33.3339715012
33.2882630831
33.2465145962
33.2085572576
33.1742243566
33.1433520790
33.1157801407
33.0913522654
33.0699165354
33.0513256402
33.0354370425
33.0221130778
33.0112210019
33.0026329958
32.9962261384
32.9918823529
32.9894883346
32.9889354629
32.9901197028
32.9929414991
32.9973056646
33.0031212655
33.0103015058
33.0187636106
33.0284287108
33.0392217294
33.0510712695
33.0639095060
33.0776720796
33.0922979938
33.1077295168
33.1239120853
33.1407942131
33.1583274025
33.1764660605
33.1951674167
33.2143914467
33.2341007970
33.2542607145
33.2748389782
33.2958058341
33.3171339326
33.3387982689
33.3607761254
33.3830470160
33.4055926329
33.4283967946
33.4514453951
33.4747263553
33.4982295740
33.5219468800
33.5458719851
33.5700004359
33.5943295658
33.6188584467
33.6435878382
33.6685201367
33.6936593215
33.7190108990
33.7445818437
33.7703805357
33.7964166949
33.8227013097
33.8492465621
33.8760657458
33.9031731798
33.9305841138
33.9583146281
33.9863815246
34.0148022104
34.0435945729
34.0727768458
34.1023674661
34.1323849219
34.1628475908
34.1937735687
34.2251804900
34.2570853387
34.2895042515
34.3224523138
34.3559433491
34.3899897033
34.4246020261
34.4597890496
34.4955573681
34.5319112197
34.5688522727
34.6063794201
34.6444885836
34.6831725310
34.7224207089
34.7622190948
34.8025500701
34.8433923167
34.8847207404
34.9265064211
34.9687165938
35.0113146593
35.0542602259
35.0975091825
35.1410138017
35.1847228729
35.2285818622
35.2725330985
35.3165159820
35.3604672129
35.4043210370
35.4480095037
35.4914627342
